322748
322747
322746
322745
322744
322742
322739
322738
322737
322736
322735
322734
322733
322732
322728
322727
322725
322724
322723
322720
322719
322716
322714
322713
322712
322709
322708
temp_27
322706
322705
322702
322700
322697
322696
322695
322693
322692
322690
322688
322686
322683
322681
322680
322679
322678
322677
322676
322674
322672
322671
322669
temp_51
322667
322666
322665
322663
322662
322660
322659
322658
322656
temp_61
322655
322652
322651
322650
322649
322648
322647
322646
322643
322641
322640
322639
322638
322634
322633
322632
322631
temp_79
322630
322629
322628
temp_83
322627
322626
322625
322624
322622
322620
322618
322617
322616
322615
322614
322612
322611
322610
322609
322608
322607
322605
322604
322601
322600
temp_105
temp_106
temp_107
temp_108
temp_109
temp_110
temp_111
temp_112
temp_113
temp_114
temp_115
temp_116
temp_117
temp_118
temp_119
322758
322756
temp_2
temp_3
